56
23
87
12
45
67
34
89
11
78
32
55
90
17
68
29
81
43
76
19
64
37
94
22
59
85
14
70
26
49
72
35
98
8
53
80
15
61
93
28
67
41
76
24
58
82
13
69
30
47
79
18
65
31
74
10
54
88
21
44
71
27
63
39
92
16
60
84
9
51
77
20
46
75
25
57
83
36
66
14
48
91
38
73
12
55
87
33
68
19
94
16
62
42
79
11
53
86
23
59
56
23
87
12
45
67
34
89
11
78
32
55
90
17
68
29
81
43
76
19
64
37
94
22
59
85
14
70
26
49
72
35
98
8
53
80
15
61
93
28
67
41
76
24
58
82
13
69
30
47
79
18
65
31
74
10
54
88
21
44
71
27
63
39
92
16
60
84
9
51
77
20
46
75
25
57
83
36
66
14
48
91
38
73
12
55
87
33
68
19
94
16
62
42
79
11
53
86
23
59
